{
 "cells": [
  {
   "cell_type": "code",
   "execution_count": 2,
   "id": "b4871859-8ac7-4025-9cf1-d2e3da4ba75c",
   "metadata": {},
   "outputs": [],
   "source": [
    "import numpy as np\n",
    "import pandas as pd"
   ]
  },
  {
   "cell_type": "code",
   "execution_count": 3,
   "id": "fcf25bbf-0f1c-4870-9542-4699ec9a4391",
   "metadata": {},
   "outputs": [],
   "source": [
    "newdf=pd.DataFrame(np.random.rand(20,5))"
   ]
  },
  {
   "cell_type": "code",
   "execution_count": 4,
   "id": "c82a97c8-400f-4fdb-b07a-6ad1df85b9f2",
   "metadata": {},
   "outputs": [
    {
     "data": {
      "text/plain": [
       "array([[0.32853128, 0.49468891, 0.41971146, 0.5452194 , 0.26816281],\n",
       "       [0.1242533 , 0.79830502, 0.06811665, 0.27039168, 0.24379648],\n",
       "       [0.86222379, 0.22547591, 0.22382214, 0.80440299, 0.99557343],\n",
       "       [0.62311889, 0.70776553, 0.50934517, 0.63778484, 0.60979959],\n",
       "       [0.05019657, 0.21753378, 0.06669189, 0.30273808, 0.97638769],\n",
       "       [0.2079513 , 0.8736488 , 0.73655949, 0.86118525, 0.22298763],\n",
       "       [0.30546464, 0.08971654, 0.99958851, 0.53773569, 0.78580957],\n",
       "       [0.46329267, 0.85721899, 0.79717947, 0.81438635, 0.35421659],\n",
       "       [0.53057587, 0.57686497, 0.15152562, 0.29059791, 0.93519982],\n",
       "       [0.71178156, 0.164157  , 0.18379867, 0.88432874, 0.72201841],\n",
       "       [0.58153308, 0.81589009, 0.11349109, 0.2784999 , 0.02052467],\n",
       "       [0.77037988, 0.6354972 , 0.60134118, 0.95444108, 0.15669348],\n",
       "       [0.9549228 , 0.69820626, 0.09732731, 0.17006872, 0.18255269],\n",
       "       [0.88078303, 0.59110116, 0.23543044, 0.59879186, 0.66467933],\n",
       "       [0.91384748, 0.97044716, 0.63462554, 0.51734322, 0.68846352],\n",
       "       [0.54904561, 0.60328358, 0.2586978 , 0.1672823 , 0.01198293],\n",
       "       [0.30445145, 0.31777616, 0.58642221, 0.62597475, 0.58348646],\n",
       "       [0.75288403, 0.37275445, 0.90149223, 0.72795265, 0.15069302],\n",
       "       [0.68260321, 0.9506752 , 0.88931392, 0.07019085, 0.53113332],\n",
       "       [0.5918781 , 0.48682189, 0.0223069 , 0.59435359, 0.46196773]])"
      ]
     },
     "execution_count": 4,
     "metadata": {},
     "output_type": "execute_result"
    }
   ],
   "source": [
    "newdf.to_numpy()"
   ]
  },
  {
   "cell_type": "code",
   "execution_count": 5,
   "id": "b3378011-5961-4c96-bc0a-8a7af37f2e50",
   "metadata": {},
   "outputs": [
    {
     "data": {
      "text/html": [
       "<div>\n",
       "<style scoped>\n",
       "    .dataframe tbody tr th:only-of-type {\n",
       "        vertical-align: middle;\n",
       "    }\n",
       "\n",
       "    .dataframe tbody tr th {\n",
       "        vertical-align: top;\n",
       "    }\n",
       "\n",
       "    .dataframe thead th {\n",
       "        text-align: right;\n",
       "    }\n",
       "</style>\n",
       "<table border=\"1\" class=\"dataframe\">\n",
       "  <thead>\n",
       "    <tr style=\"text-align: right;\">\n",
       "      <th></th>\n",
       "      <th>0</th>\n",
       "      <th>1</th>\n",
       "      <th>2</th>\n",
       "      <th>3</th>\n",
       "      <th>4</th>\n",
       "    </tr>\n",
       "  </thead>\n",
       "  <tbody>\n",
       "    <tr>\n",
       "      <th>0</th>\n",
       "      <td>0.328531</td>\n",
       "      <td>0.494689</td>\n",
       "      <td>0.419711</td>\n",
       "      <td>0.545219</td>\n",
       "      <td>0.268163</td>\n",
       "    </tr>\n",
       "    <tr>\n",
       "      <th>1</th>\n",
       "      <td>0.124253</td>\n",
       "      <td>0.798305</td>\n",
       "      <td>0.068117</td>\n",
       "      <td>0.270392</td>\n",
       "      <td>0.243796</td>\n",
       "    </tr>\n",
       "    <tr>\n",
       "      <th>2</th>\n",
       "      <td>0.862224</td>\n",
       "      <td>0.225476</td>\n",
       "      <td>0.223822</td>\n",
       "      <td>0.804403</td>\n",
       "      <td>0.995573</td>\n",
       "    </tr>\n",
       "    <tr>\n",
       "      <th>3</th>\n",
       "      <td>0.623119</td>\n",
       "      <td>0.707766</td>\n",
       "      <td>0.509345</td>\n",
       "      <td>0.637785</td>\n",
       "      <td>0.609800</td>\n",
       "    </tr>\n",
       "    <tr>\n",
       "      <th>4</th>\n",
       "      <td>0.050197</td>\n",
       "      <td>0.217534</td>\n",
       "      <td>0.066692</td>\n",
       "      <td>0.302738</td>\n",
       "      <td>0.976388</td>\n",
       "    </tr>\n",
       "    <tr>\n",
       "      <th>5</th>\n",
       "      <td>0.207951</td>\n",
       "      <td>0.873649</td>\n",
       "      <td>0.736559</td>\n",
       "      <td>0.861185</td>\n",
       "      <td>0.222988</td>\n",
       "    </tr>\n",
       "    <tr>\n",
       "      <th>6</th>\n",
       "      <td>0.305465</td>\n",
       "      <td>0.089717</td>\n",
       "      <td>0.999589</td>\n",
       "      <td>0.537736</td>\n",
       "      <td>0.785810</td>\n",
       "    </tr>\n",
       "    <tr>\n",
       "      <th>7</th>\n",
       "      <td>0.463293</td>\n",
       "      <td>0.857219</td>\n",
       "      <td>0.797179</td>\n",
       "      <td>0.814386</td>\n",
       "      <td>0.354217</td>\n",
       "    </tr>\n",
       "    <tr>\n",
       "      <th>8</th>\n",
       "      <td>0.530576</td>\n",
       "      <td>0.576865</td>\n",
       "      <td>0.151526</td>\n",
       "      <td>0.290598</td>\n",
       "      <td>0.935200</td>\n",
       "    </tr>\n",
       "    <tr>\n",
       "      <th>9</th>\n",
       "      <td>0.711782</td>\n",
       "      <td>0.164157</td>\n",
       "      <td>0.183799</td>\n",
       "      <td>0.884329</td>\n",
       "      <td>0.722018</td>\n",
       "    </tr>\n",
       "    <tr>\n",
       "      <th>10</th>\n",
       "      <td>0.581533</td>\n",
       "      <td>0.815890</td>\n",
       "      <td>0.113491</td>\n",
       "      <td>0.278500</td>\n",
       "      <td>0.020525</td>\n",
       "    </tr>\n",
       "    <tr>\n",
       "      <th>11</th>\n",
       "      <td>0.770380</td>\n",
       "      <td>0.635497</td>\n",
       "      <td>0.601341</td>\n",
       "      <td>0.954441</td>\n",
       "      <td>0.156693</td>\n",
       "    </tr>\n",
       "    <tr>\n",
       "      <th>12</th>\n",
       "      <td>0.954923</td>\n",
       "      <td>0.698206</td>\n",
       "      <td>0.097327</td>\n",
       "      <td>0.170069</td>\n",
       "      <td>0.182553</td>\n",
       "    </tr>\n",
       "    <tr>\n",
       "      <th>13</th>\n",
       "      <td>0.880783</td>\n",
       "      <td>0.591101</td>\n",
       "      <td>0.235430</td>\n",
       "      <td>0.598792</td>\n",
       "      <td>0.664679</td>\n",
       "    </tr>\n",
       "    <tr>\n",
       "      <th>14</th>\n",
       "      <td>0.913847</td>\n",
       "      <td>0.970447</td>\n",
       "      <td>0.634626</td>\n",
       "      <td>0.517343</td>\n",
       "      <td>0.688464</td>\n",
       "    </tr>\n",
       "    <tr>\n",
       "      <th>15</th>\n",
       "      <td>0.549046</td>\n",
       "      <td>0.603284</td>\n",
       "      <td>0.258698</td>\n",
       "      <td>0.167282</td>\n",
       "      <td>0.011983</td>\n",
       "    </tr>\n",
       "    <tr>\n",
       "      <th>16</th>\n",
       "      <td>0.304451</td>\n",
       "      <td>0.317776</td>\n",
       "      <td>0.586422</td>\n",
       "      <td>0.625975</td>\n",
       "      <td>0.583486</td>\n",
       "    </tr>\n",
       "    <tr>\n",
       "      <th>17</th>\n",
       "      <td>0.752884</td>\n",
       "      <td>0.372754</td>\n",
       "      <td>0.901492</td>\n",
       "      <td>0.727953</td>\n",
       "      <td>0.150693</td>\n",
       "    </tr>\n",
       "    <tr>\n",
       "      <th>18</th>\n",
       "      <td>0.682603</td>\n",
       "      <td>0.950675</td>\n",
       "      <td>0.889314</td>\n",
       "      <td>0.070191</td>\n",
       "      <td>0.531133</td>\n",
       "    </tr>\n",
       "    <tr>\n",
       "      <th>19</th>\n",
       "      <td>0.591878</td>\n",
       "      <td>0.486822</td>\n",
       "      <td>0.022307</td>\n",
       "      <td>0.594354</td>\n",
       "      <td>0.461968</td>\n",
       "    </tr>\n",
       "  </tbody>\n",
       "</table>\n",
       "</div>"
      ],
      "text/plain": [
       "           0         1         2         3         4\n",
       "0   0.328531  0.494689  0.419711  0.545219  0.268163\n",
       "1   0.124253  0.798305  0.068117  0.270392  0.243796\n",
       "2   0.862224  0.225476  0.223822  0.804403  0.995573\n",
       "3   0.623119  0.707766  0.509345  0.637785  0.609800\n",
       "4   0.050197  0.217534  0.066692  0.302738  0.976388\n",
       "5   0.207951  0.873649  0.736559  0.861185  0.222988\n",
       "6   0.305465  0.089717  0.999589  0.537736  0.785810\n",
       "7   0.463293  0.857219  0.797179  0.814386  0.354217\n",
       "8   0.530576  0.576865  0.151526  0.290598  0.935200\n",
       "9   0.711782  0.164157  0.183799  0.884329  0.722018\n",
       "10  0.581533  0.815890  0.113491  0.278500  0.020525\n",
       "11  0.770380  0.635497  0.601341  0.954441  0.156693\n",
       "12  0.954923  0.698206  0.097327  0.170069  0.182553\n",
       "13  0.880783  0.591101  0.235430  0.598792  0.664679\n",
       "14  0.913847  0.970447  0.634626  0.517343  0.688464\n",
       "15  0.549046  0.603284  0.258698  0.167282  0.011983\n",
       "16  0.304451  0.317776  0.586422  0.625975  0.583486\n",
       "17  0.752884  0.372754  0.901492  0.727953  0.150693\n",
       "18  0.682603  0.950675  0.889314  0.070191  0.531133\n",
       "19  0.591878  0.486822  0.022307  0.594354  0.461968"
      ]
     },
     "execution_count": 5,
     "metadata": {},
     "output_type": "execute_result"
    }
   ],
   "source": [
    "newdf"
   ]
  },
  {
   "cell_type": "code",
   "execution_count": 6,
   "id": "d56e4476-8c13-44fb-b308-0799b0825760",
   "metadata": {},
   "outputs": [
    {
     "data": {
      "text/html": [
       "<div>\n",
       "<style scoped>\n",
       "    .dataframe tbody tr th:only-of-type {\n",
       "        vertical-align: middle;\n",
       "    }\n",
       "\n",
       "    .dataframe tbody tr th {\n",
       "        vertical-align: top;\n",
       "    }\n",
       "\n",
       "    .dataframe thead th {\n",
       "        text-align: right;\n",
       "    }\n",
       "</style>\n",
       "<table border=\"1\" class=\"dataframe\">\n",
       "  <thead>\n",
       "    <tr style=\"text-align: right;\">\n",
       "      <th></th>\n",
       "      <th>0</th>\n",
       "      <th>1</th>\n",
       "      <th>2</th>\n",
       "      <th>3</th>\n",
       "      <th>4</th>\n",
       "      <th>5</th>\n",
       "      <th>6</th>\n",
       "      <th>7</th>\n",
       "      <th>8</th>\n",
       "      <th>9</th>\n",
       "      <th>10</th>\n",
       "      <th>11</th>\n",
       "      <th>12</th>\n",
       "      <th>13</th>\n",
       "      <th>14</th>\n",
       "      <th>15</th>\n",
       "      <th>16</th>\n",
       "      <th>17</th>\n",
       "      <th>18</th>\n",
       "      <th>19</th>\n",
       "    </tr>\n",
       "  </thead>\n",
       "  <tbody>\n",
       "    <tr>\n",
       "      <th>0</th>\n",
       "      <td>0.328531</td>\n",
       "      <td>0.124253</td>\n",
       "      <td>0.862224</td>\n",
       "      <td>0.623119</td>\n",
       "      <td>0.050197</td>\n",
       "      <td>0.207951</td>\n",
       "      <td>0.305465</td>\n",
       "      <td>0.463293</td>\n",
       "      <td>0.530576</td>\n",
       "      <td>0.711782</td>\n",
       "      <td>0.581533</td>\n",
       "      <td>0.770380</td>\n",
       "      <td>0.954923</td>\n",
       "      <td>0.880783</td>\n",
       "      <td>0.913847</td>\n",
       "      <td>0.549046</td>\n",
       "      <td>0.304451</td>\n",
       "      <td>0.752884</td>\n",
       "      <td>0.682603</td>\n",
       "      <td>0.591878</td>\n",
       "    </tr>\n",
       "    <tr>\n",
       "      <th>1</th>\n",
       "      <td>0.494689</td>\n",
       "      <td>0.798305</td>\n",
       "      <td>0.225476</td>\n",
       "      <td>0.707766</td>\n",
       "      <td>0.217534</td>\n",
       "      <td>0.873649</td>\n",
       "      <td>0.089717</td>\n",
       "      <td>0.857219</td>\n",
       "      <td>0.576865</td>\n",
       "      <td>0.164157</td>\n",
       "      <td>0.815890</td>\n",
       "      <td>0.635497</td>\n",
       "      <td>0.698206</td>\n",
       "      <td>0.591101</td>\n",
       "      <td>0.970447</td>\n",
       "      <td>0.603284</td>\n",
       "      <td>0.317776</td>\n",
       "      <td>0.372754</td>\n",
       "      <td>0.950675</td>\n",
       "      <td>0.486822</td>\n",
       "    </tr>\n",
       "    <tr>\n",
       "      <th>2</th>\n",
       "      <td>0.419711</td>\n",
       "      <td>0.068117</td>\n",
       "      <td>0.223822</td>\n",
       "      <td>0.509345</td>\n",
       "      <td>0.066692</td>\n",
       "      <td>0.736559</td>\n",
       "      <td>0.999589</td>\n",
       "      <td>0.797179</td>\n",
       "      <td>0.151526</td>\n",
       "      <td>0.183799</td>\n",
       "      <td>0.113491</td>\n",
       "      <td>0.601341</td>\n",
       "      <td>0.097327</td>\n",
       "      <td>0.235430</td>\n",
       "      <td>0.634626</td>\n",
       "      <td>0.258698</td>\n",
       "      <td>0.586422</td>\n",
       "      <td>0.901492</td>\n",
       "      <td>0.889314</td>\n",
       "      <td>0.022307</td>\n",
       "    </tr>\n",
       "    <tr>\n",
       "      <th>3</th>\n",
       "      <td>0.545219</td>\n",
       "      <td>0.270392</td>\n",
       "      <td>0.804403</td>\n",
       "      <td>0.637785</td>\n",
       "      <td>0.302738</td>\n",
       "      <td>0.861185</td>\n",
       "      <td>0.537736</td>\n",
       "      <td>0.814386</td>\n",
       "      <td>0.290598</td>\n",
       "      <td>0.884329</td>\n",
       "      <td>0.278500</td>\n",
       "      <td>0.954441</td>\n",
       "      <td>0.170069</td>\n",
       "      <td>0.598792</td>\n",
       "      <td>0.517343</td>\n",
       "      <td>0.167282</td>\n",
       "      <td>0.625975</td>\n",
       "      <td>0.727953</td>\n",
       "      <td>0.070191</td>\n",
       "      <td>0.594354</td>\n",
       "    </tr>\n",
       "    <tr>\n",
       "      <th>4</th>\n",
       "      <td>0.268163</td>\n",
       "      <td>0.243796</td>\n",
       "      <td>0.995573</td>\n",
       "      <td>0.609800</td>\n",
       "      <td>0.976388</td>\n",
       "      <td>0.222988</td>\n",
       "      <td>0.785810</td>\n",
       "      <td>0.354217</td>\n",
       "      <td>0.935200</td>\n",
       "      <td>0.722018</td>\n",
       "      <td>0.020525</td>\n",
       "      <td>0.156693</td>\n",
       "      <td>0.182553</td>\n",
       "      <td>0.664679</td>\n",
       "      <td>0.688464</td>\n",
       "      <td>0.011983</td>\n",
       "      <td>0.583486</td>\n",
       "      <td>0.150693</td>\n",
       "      <td>0.531133</td>\n",
       "      <td>0.461968</td>\n",
       "    </tr>\n",
       "  </tbody>\n",
       "</table>\n",
       "</div>"
      ],
      "text/plain": [
       "         0         1         2         3         4         5         6   \\\n",
       "0  0.328531  0.124253  0.862224  0.623119  0.050197  0.207951  0.305465   \n",
       "1  0.494689  0.798305  0.225476  0.707766  0.217534  0.873649  0.089717   \n",
       "2  0.419711  0.068117  0.223822  0.509345  0.066692  0.736559  0.999589   \n",
       "3  0.545219  0.270392  0.804403  0.637785  0.302738  0.861185  0.537736   \n",
       "4  0.268163  0.243796  0.995573  0.609800  0.976388  0.222988  0.785810   \n",
       "\n",
       "         7         8         9         10        11        12        13  \\\n",
       "0  0.463293  0.530576  0.711782  0.581533  0.770380  0.954923  0.880783   \n",
       "1  0.857219  0.576865  0.164157  0.815890  0.635497  0.698206  0.591101   \n",
       "2  0.797179  0.151526  0.183799  0.113491  0.601341  0.097327  0.235430   \n",
       "3  0.814386  0.290598  0.884329  0.278500  0.954441  0.170069  0.598792   \n",
       "4  0.354217  0.935200  0.722018  0.020525  0.156693  0.182553  0.664679   \n",
       "\n",
       "         14        15        16        17        18        19  \n",
       "0  0.913847  0.549046  0.304451  0.752884  0.682603  0.591878  \n",
       "1  0.970447  0.603284  0.317776  0.372754  0.950675  0.486822  \n",
       "2  0.634626  0.258698  0.586422  0.901492  0.889314  0.022307  \n",
       "3  0.517343  0.167282  0.625975  0.727953  0.070191  0.594354  \n",
       "4  0.688464  0.011983  0.583486  0.150693  0.531133  0.461968  "
      ]
     },
     "execution_count": 6,
     "metadata": {},
     "output_type": "execute_result"
    }
   ],
   "source": [
    "newdf.T"
   ]
  },
  {
   "cell_type": "code",
   "execution_count": 7,
   "id": "ff4d3bee-3ed6-4de5-928f-7348fe599fb6",
   "metadata": {},
   "outputs": [
    {
     "data": {
      "text/html": [
       "<div>\n",
       "<style scoped>\n",
       "    .dataframe tbody tr th:only-of-type {\n",
       "        vertical-align: middle;\n",
       "    }\n",
       "\n",
       "    .dataframe tbody tr th {\n",
       "        vertical-align: top;\n",
       "    }\n",
       "\n",
       "    .dataframe thead th {\n",
       "        text-align: right;\n",
       "    }\n",
       "</style>\n",
       "<table border=\"1\" class=\"dataframe\">\n",
       "  <thead>\n",
       "    <tr style=\"text-align: right;\">\n",
       "      <th></th>\n",
       "      <th>0</th>\n",
       "      <th>1</th>\n",
       "      <th>2</th>\n",
       "      <th>3</th>\n",
       "      <th>4</th>\n",
       "    </tr>\n",
       "  </thead>\n",
       "  <tbody>\n",
       "    <tr>\n",
       "      <th>19</th>\n",
       "      <td>0.591878</td>\n",
       "      <td>0.486822</td>\n",
       "      <td>0.022307</td>\n",
       "      <td>0.594354</td>\n",
       "      <td>0.461968</td>\n",
       "    </tr>\n",
       "    <tr>\n",
       "      <th>18</th>\n",
       "      <td>0.682603</td>\n",
       "      <td>0.950675</td>\n",
       "      <td>0.889314</td>\n",
       "      <td>0.070191</td>\n",
       "      <td>0.531133</td>\n",
       "    </tr>\n",
       "    <tr>\n",
       "      <th>17</th>\n",
       "      <td>0.752884</td>\n",
       "      <td>0.372754</td>\n",
       "      <td>0.901492</td>\n",
       "      <td>0.727953</td>\n",
       "      <td>0.150693</td>\n",
       "    </tr>\n",
       "    <tr>\n",
       "      <th>16</th>\n",
       "      <td>0.304451</td>\n",
       "      <td>0.317776</td>\n",
       "      <td>0.586422</td>\n",
       "      <td>0.625975</td>\n",
       "      <td>0.583486</td>\n",
       "    </tr>\n",
       "    <tr>\n",
       "      <th>15</th>\n",
       "      <td>0.549046</td>\n",
       "      <td>0.603284</td>\n",
       "      <td>0.258698</td>\n",
       "      <td>0.167282</td>\n",
       "      <td>0.011983</td>\n",
       "    </tr>\n",
       "    <tr>\n",
       "      <th>14</th>\n",
       "      <td>0.913847</td>\n",
       "      <td>0.970447</td>\n",
       "      <td>0.634626</td>\n",
       "      <td>0.517343</td>\n",
       "      <td>0.688464</td>\n",
       "    </tr>\n",
       "    <tr>\n",
       "      <th>13</th>\n",
       "      <td>0.880783</td>\n",
       "      <td>0.591101</td>\n",
       "      <td>0.235430</td>\n",
       "      <td>0.598792</td>\n",
       "      <td>0.664679</td>\n",
       "    </tr>\n",
       "    <tr>\n",
       "      <th>12</th>\n",
       "      <td>0.954923</td>\n",
       "      <td>0.698206</td>\n",
       "      <td>0.097327</td>\n",
       "      <td>0.170069</td>\n",
       "      <td>0.182553</td>\n",
       "    </tr>\n",
       "    <tr>\n",
       "      <th>11</th>\n",
       "      <td>0.770380</td>\n",
       "      <td>0.635497</td>\n",
       "      <td>0.601341</td>\n",
       "      <td>0.954441</td>\n",
       "      <td>0.156693</td>\n",
       "    </tr>\n",
       "    <tr>\n",
       "      <th>10</th>\n",
       "      <td>0.581533</td>\n",
       "      <td>0.815890</td>\n",
       "      <td>0.113491</td>\n",
       "      <td>0.278500</td>\n",
       "      <td>0.020525</td>\n",
       "    </tr>\n",
       "    <tr>\n",
       "      <th>9</th>\n",
       "      <td>0.711782</td>\n",
       "      <td>0.164157</td>\n",
       "      <td>0.183799</td>\n",
       "      <td>0.884329</td>\n",
       "      <td>0.722018</td>\n",
       "    </tr>\n",
       "    <tr>\n",
       "      <th>8</th>\n",
       "      <td>0.530576</td>\n",
       "      <td>0.576865</td>\n",
       "      <td>0.151526</td>\n",
       "      <td>0.290598</td>\n",
       "      <td>0.935200</td>\n",
       "    </tr>\n",
       "    <tr>\n",
       "      <th>7</th>\n",
       "      <td>0.463293</td>\n",
       "      <td>0.857219</td>\n",
       "      <td>0.797179</td>\n",
       "      <td>0.814386</td>\n",
       "      <td>0.354217</td>\n",
       "    </tr>\n",
       "    <tr>\n",
       "      <th>6</th>\n",
       "      <td>0.305465</td>\n",
       "      <td>0.089717</td>\n",
       "      <td>0.999589</td>\n",
       "      <td>0.537736</td>\n",
       "      <td>0.785810</td>\n",
       "    </tr>\n",
       "    <tr>\n",
       "      <th>5</th>\n",
       "      <td>0.207951</td>\n",
       "      <td>0.873649</td>\n",
       "      <td>0.736559</td>\n",
       "      <td>0.861185</td>\n",
       "      <td>0.222988</td>\n",
       "    </tr>\n",
       "    <tr>\n",
       "      <th>4</th>\n",
       "      <td>0.050197</td>\n",
       "      <td>0.217534</td>\n",
       "      <td>0.066692</td>\n",
       "      <td>0.302738</td>\n",
       "      <td>0.976388</td>\n",
       "    </tr>\n",
       "    <tr>\n",
       "      <th>3</th>\n",
       "      <td>0.623119</td>\n",
       "      <td>0.707766</td>\n",
       "      <td>0.509345</td>\n",
       "      <td>0.637785</td>\n",
       "      <td>0.609800</td>\n",
       "    </tr>\n",
       "    <tr>\n",
       "      <th>2</th>\n",
       "      <td>0.862224</td>\n",
       "      <td>0.225476</td>\n",
       "      <td>0.223822</td>\n",
       "      <td>0.804403</td>\n",
       "      <td>0.995573</td>\n",
       "    </tr>\n",
       "    <tr>\n",
       "      <th>1</th>\n",
       "      <td>0.124253</td>\n",
       "      <td>0.798305</td>\n",
       "      <td>0.068117</td>\n",
       "      <td>0.270392</td>\n",
       "      <td>0.243796</td>\n",
       "    </tr>\n",
       "    <tr>\n",
       "      <th>0</th>\n",
       "      <td>0.328531</td>\n",
       "      <td>0.494689</td>\n",
       "      <td>0.419711</td>\n",
       "      <td>0.545219</td>\n",
       "      <td>0.268163</td>\n",
       "    </tr>\n",
       "  </tbody>\n",
       "</table>\n",
       "</div>"
      ],
      "text/plain": [
       "           0         1         2         3         4\n",
       "19  0.591878  0.486822  0.022307  0.594354  0.461968\n",
       "18  0.682603  0.950675  0.889314  0.070191  0.531133\n",
       "17  0.752884  0.372754  0.901492  0.727953  0.150693\n",
       "16  0.304451  0.317776  0.586422  0.625975  0.583486\n",
       "15  0.549046  0.603284  0.258698  0.167282  0.011983\n",
       "14  0.913847  0.970447  0.634626  0.517343  0.688464\n",
       "13  0.880783  0.591101  0.235430  0.598792  0.664679\n",
       "12  0.954923  0.698206  0.097327  0.170069  0.182553\n",
       "11  0.770380  0.635497  0.601341  0.954441  0.156693\n",
       "10  0.581533  0.815890  0.113491  0.278500  0.020525\n",
       "9   0.711782  0.164157  0.183799  0.884329  0.722018\n",
       "8   0.530576  0.576865  0.151526  0.290598  0.935200\n",
       "7   0.463293  0.857219  0.797179  0.814386  0.354217\n",
       "6   0.305465  0.089717  0.999589  0.537736  0.785810\n",
       "5   0.207951  0.873649  0.736559  0.861185  0.222988\n",
       "4   0.050197  0.217534  0.066692  0.302738  0.976388\n",
       "3   0.623119  0.707766  0.509345  0.637785  0.609800\n",
       "2   0.862224  0.225476  0.223822  0.804403  0.995573\n",
       "1   0.124253  0.798305  0.068117  0.270392  0.243796\n",
       "0   0.328531  0.494689  0.419711  0.545219  0.268163"
      ]
     },
     "execution_count": 7,
     "metadata": {},
     "output_type": "execute_result"
    }
   ],
   "source": [
    "newdf.sort_index(axis=0,ascending=False)"
   ]
  },
  {
   "cell_type": "code",
   "execution_count": 8,
   "id": "1b1a4485-a093-4918-abfd-b98d21058daf",
   "metadata": {},
   "outputs": [
    {
     "data": {
      "text/plain": [
       "pandas.core.series.Series"
      ]
     },
     "execution_count": 8,
     "metadata": {},
     "output_type": "execute_result"
    }
   ],
   "source": [
    "type(newdf[0])"
   ]
  },
  {
   "cell_type": "code",
   "execution_count": null,
   "id": "36735b85-1f39-4327-921b-ef78195f5769",
   "metadata": {},
   "outputs": [],
   "source": []
  }
 ],
 "metadata": {
  "kernelspec": {
   "display_name": "Python 3 (ipykernel)",
   "language": "python",
   "name": "python3"
  },
  "language_info": {
   "codemirror_mode": {
    "name": "ipython",
    "version": 3
   },
   "file_extension": ".py",
   "mimetype": "text/x-python",
   "name": "python",
   "nbconvert_exporter": "python",
   "pygments_lexer": "ipython3",
   "version": "3.10.7"
  }
 },
 "nbformat": 4,
 "nbformat_minor": 5
}
